{
    "offsets": [
        {
            "e00": -0.4406678378582001,
            "e01": 0.403338223695755,
            "e02": -0.8019537329673767,
            "e03": -7.20435905456543,
            "e10": 0.40333834290504458,
            "e11": 0.8870789408683777,
            "e12": 0.22451993823051454,
            "e13": 6.798381805419922,
            "e20": 0.8019538521766663,
            "e21": -0.22451996803283692,
            "e22": -0.5535889863967896,
            "e23": 28.597129821777345,
            "e30": 0.0,
            "e31": 0.0,
            "e32": 0.0,
            "e33": 1.0
        },
        {
            "e00": 0.6717162132263184,
            "e01": -0.5257326364517212,
            "e02": -0.5219219326972961,
            "e03": -18.588134765625,
            "e10": -0.5257326364517212,
            "e11": 0.15806129574775697,
            "e12": -0.8358359336853027,
            "e13": -47.62903594970703,
            "e20": 0.5219220519065857,
            "e21": 0.8358360528945923,
            "e22": -0.1702224314212799,
            "e23": -43.56298065185547,
            "e30": 0.0,
            "e31": 0.0,
            "e32": 0.0,
            "e33": 1.0
        },
        {
            "e00": 0.4717472493648529,
            "e01": 0.525903046131134,
            "e02": 0.7077291011810303,
            "e03": -3.872577667236328,
            "e10": 0.5259029865264893,
            "e11": 0.4764363169670105,
            "e12": -0.7045809626579285,
            "e13": 7.400997161865234,
            "e20": -0.707729160785675,
            "e21": 0.7045809626579285,
            "e22": -0.05181646719574928,
            "e23": -39.023780822753909,
            "e30": 0.0,
            "e31": 0.0,
            "e32": 0.0,
            "e33": 1.0
        },
        {
            "e00": 0.8645746111869812,
            "e01": -0.36104825139045718,
            "e02": 0.34950676560401919,
            "e03": 32.01545333862305,
            "e10": -0.36104831099510195,
            "e11": 0.03743448853492737,
            "e12": 0.9317954778671265,
            "e13": -1.686187744140625,
            "e20": -0.34950679540634158,
            "e21": -0.931795597076416,
            "e22": -0.09799093008041382,
            "e23": -24.430898666381837,
            "e30": 0.0,
            "e31": 0.0,
            "e32": 0.0,
            "e33": 1.0
        },
        {
            "e00": -0.3363063335418701,
            "e01": -0.7217358946800232,
            "e02": 0.6049755215644836,
            "e03": 35.097190856933597,
            "e10": -0.7217358946800232,
            "e11": 0.6101921796798706,
            "e12": 0.32674580812454226,
            "e13": 32.42805099487305,
            "e20": -0.6049755215644836,
            "e21": -0.3267458975315094,
            "e22": -0.72611403465271,
            "e23": -18.38149642944336,
            "e30": 0.0,
            "e31": 0.0,
            "e32": 0.0,
            "e33": 1.0
        },
        {
            "e00": 0.9089633226394653,
            "e01": 0.3690417408943176,
            "e02": -0.193891704082489,
            "e03": 16.103588104248048,
            "e10": 0.36904168128967287,
            "e11": -0.49600905179977419,
            "e12": 0.7859917879104614,
            "e13": -30.622482299804689,
            "e20": 0.193891704082489,
            "e21": -0.785991907119751,
            "e22": -0.5870458483695984,
            "e23": 44.8124885559082,
            "e30": 0.0,
            "e31": 0.0,
            "e32": 0.0,
            "e33": 1.0
        },
        {
            "e00": 0.5902937054634094,
            "e01": 0.08422216773033142,
            "e02": -0.8027825355529785,
            "e03": 28.17926597595215,
            "e10": 0.0842222273349762,
            "e11": 0.9826866984367371,
            "e12": 0.16502586007118226,
            "e13": -40.945072174072269,
            "e20": 0.8027826547622681,
            "e21": -0.16502581536769868,
            "e22": 0.5729802846908569,
            "e23": 34.4122314453125,
            "e30": 0.0,
            "e31": 0.0,
            "e32": 0.0,
            "e33": 1.0
        },
        {
            "e00": 0.991054892539978,
            "e01": 0.04503336548805237,
            "e02": -0.12562748789787293,
            "e03": 19.603107452392579,
            "e10": 0.04503331705927849,
            "e11": 0.7732847332954407,
            "e12": 0.6324575543403626,
            "e13": -6.518630504608154,
            "e20": 0.12562742829322816,
            "e21": -0.6324576139450073,
            "e22": 0.7643395066261292,
            "e23": 30.032169342041017,
            "e30": 0.0,
            "e31": 0.0,
            "e32": 0.0,
            "e33": 1.0
        },
        {
            "e00": 0.47047173976898196,
            "e01": -0.3005641996860504,
            "e02": 0.8296489715576172,
            "e03": -38.629981994628909,
            "e10": -0.3005642890930176,
            "e11": 0.8293974995613098,
            "e12": 0.4709150493144989,
            "e13": 6.132823944091797,
            "e20": -0.8296490907669067,
            "e21": -0.47091513872146609,
            "e22": 0.2998691499233246,
            "e23": 40.947486877441409,
            "e30": 0.0,
            "e31": 0.0,
            "e32": 0.0,
            "e33": 1.0
        },
        {
            "e00": 0.6919903755187988,
            "e01": 0.37302732467651369,
            "e02": 0.618061363697052,
            "e03": 15.24190902709961,
            "e10": 0.37302732467651369,
            "e11": 0.5482305288314819,
            "e12": -0.7485278844833374,
            "e13": -26.987384796142579,
            "e20": -0.6180614233016968,
            "e21": 0.7485278844833374,
            "e22": 0.24022090435028077,
            "e23": -42.39209747314453,
            "e30": 0.0,
            "e31": 0.0,
            "e32": 0.0,
            "e33": 1.0
        },
        {
            "e00": 0.044531434774398807,
            "e01": 0.40087008476257326,
            "e02": -0.9150519371032715,
            "e03": 46.16946029663086,
            "e10": 0.4008701741695404,
            "e11": 0.831813633441925,
            "e12": 0.3839130699634552,
            "e13": -36.533226013183597,
            "e20": 0.915052056312561,
            "e21": -0.3839131295681,
            "e22": -0.12365506589412689,
            "e23": -29.26272201538086,
            "e30": 0.0,
            "e31": 0.0,
            "e32": 0.0,
            "e33": 1.0
        },
        {
            "e00": 0.7991295456886292,
            "e01": 0.24884356558322907,
            "e02": 0.5472376346588135,
            "e03": -1.0846672058105469,
            "e10": 0.24884352087974549,
            "e11": 0.6917264461517334,
            "e12": -0.6779316663742065,
            "e13": -14.500240325927735,
            "e20": -0.5472376942634583,
            "e21": 0.6779317855834961,
            "e22": 0.4908558130264282,
            "e23": 3.1798667907714845,
            "e30": 0.0,
            "e31": 0.0,
            "e32": 0.0,
            "e33": 1.0
        },
        {
            "e00": 0.9919207096099854,
            "e01": 0.03489488363265991,
            "e02": 0.12196668982505799,
            "e03": 42.332820892333987,
            "e10": 0.034894853830337527,
            "e11": 0.8492896556854248,
            "e12": -0.5267725586891174,
            "e13": -42.107017517089847,
            "e20": -0.12196674942970276,
            "e21": 0.5267726182937622,
            "e22": 0.8412101864814758,
            "e23": 36.81327819824219,
            "e30": 0.0,
            "e31": 0.0,
            "e32": 0.0,
            "e33": 1.0
        },
        {
            "e00": 0.3081415891647339,
            "e01": -0.2087799608707428,
            "e02": -0.9281483888626099,
            "e03": 48.69202423095703,
            "e10": -0.2087799310684204,
            "e11": 0.9369971752166748,
            "e12": -0.2800844609737396,
            "e13": -22.01795196533203,
            "e20": 0.928148627281189,
            "e21": 0.2800845205783844,
            "e22": 0.24513867497444154,
            "e23": 36.46617126464844,
            "e30": 0.0,
            "e31": 0.0,
            "e32": 0.0,
            "e33": 1.0
        },
        {
            "e00": 0.9171215891838074,
            "e01": 0.3936646580696106,
            "e02": -0.06258043646812439,
            "e03": -20.14224624633789,
            "e10": 0.39366456866264346,
            "e11": -0.8698679208755493,
            "e12": 0.2972507178783417,
            "e13": -45.664154052734378,
            "e20": 0.06258037686347962,
            "e21": -0.29725074768066409,
            "e22": -0.9527462720870972,
            "e23": -1.2538986206054688,
            "e30": 0.0,
            "e31": 0.0,
            "e32": 0.0,
            "e33": 1.0
        },
        {
            "e00": 0.8656055927276611,
            "e01": 0.0806533545255661,
            "e02": 0.49418818950653078,
            "e03": 2.994760513305664,
            "e10": 0.08065333962440491,
            "e11": 0.951598048210144,
            "e12": -0.2965741753578186,
            "e13": -34.895545959472659,
            "e20": -0.49418824911117556,
            "e21": 0.2965742349624634,
            "e22": 0.8172035217285156,
            "e23": -46.7689094543457,
            "e30": 0.0,
            "e31": 0.0,
            "e32": 0.0,
            "e33": 1.0
        },
        {
            "e00": 0.7871791124343872,
            "e01": -0.5629698634147644,
            "e02": 0.25182127952575686,
            "e03": -27.24001121520996,
            "e10": -0.5629699230194092,
            "e11": -0.4892106056213379,
            "e12": 0.666136622428894,
            "e13": -33.40362548828125,
            "e20": -0.2518213093280792,
            "e21": -0.6661368012428284,
            "e22": -0.7020313739776611,
            "e23": 19.91476821899414,
            "e30": 0.0,
            "e31": 0.0,
            "e32": 0.0,
            "e33": 1.0
        },
        {
            "e00": 0.7191978096961975,
            "e01": -0.06606516242027283,
            "e02": -0.6916574239730835,
            "e03": 27.85468101501465,
            "e10": -0.06606513261795044,
            "e11": 0.9844566583633423,
            "e12": -0.1627282202243805,
            "e13": 14.686834335327149,
            "e20": 0.6916574835777283,
            "e21": 0.16272826492786408,
            "e22": 0.7036543488502502,
            "e23": -15.991727828979493,
            "e30": 0.0,
            "e31": 0.0,
            "e32": 0.0,
            "e33": 1.0
        },
        {
            "e00": -0.16718712449073792,
            "e01": -0.6339768767356873,
            "e02": 0.7550643086433411,
            "e03": 38.021942138671878,
            "e10": -0.6339768767356873,
            "e11": 0.6556450128555298,
            "e12": 0.4101255536079407,
            "e13": 13.48873519897461,
            "e20": -0.7550643086433411,
            "e21": -0.41012561321258547,
            "e22": -0.511542022228241,
            "e23": 1.1667289733886719,
            "e30": 0.0,
            "e31": 0.0,
            "e32": 0.0,
            "e33": 1.0
        },
        {
            "e00": 0.48624667525291445,
            "e01": 0.3944421708583832,
            "e02": -0.7797304391860962,
            "e03": 20.118961334228517,
            "e10": 0.39444223046302798,
            "e11": 0.6971608996391296,
            "e12": 0.5986501574516296,
            "e13": 45.61712646484375,
            "e20": 0.779730498790741,
            "e21": -0.5986502766609192,
            "e22": 0.18340745568275453,
            "e23": -34.335174560546878,
            "e30": 0.0,
            "e31": 0.0,
            "e32": 0.0,
            "e33": 1.0
        }
    ]
}